15
0 14 9 11 13 11 7 7 7 7 3 15 14 9 15
14 0 7 3 3 3 9 9 9 11 13 5 4 9 5
9 7 0 8 8 8 4 4 4 4 8 10 9 4 10
11 3 8 0 4 2 8 8 8 10 14 6 3 8 4
13 3 8 4 0 2 8 8 8 10 14 4 5 8 6
11 3 8 2 2 0 6 6 6 8 12 4 3 8 4
7 9 4 8 8 6 0 0 0 2 8 8 9 4 8
7 9 4 8 8 6 0 0 0 2 8 8 9 4 8
7 9 4 8 8 6 0 0 0 2 8 8 9 4 8
7 11 4 10 10 8 2 2 2 0 6 10 11 6 10
3 13 8 14 14 12 8 8 8 6 0 16 15 10 16
15 5 10 6 4 4 8 8 8 10 16 0 5 10 4
14 4 9 3 5 3 9 9 9 11 15 5 0 7 1
9 9 4 8 8 8 4 4 4 6 10 10 7 0 8
15 5 10 4 6 4 8 8 8 10 16 4 1 8 0
